state,county,% Age 0 to 29 years,% Age 30 to 39,% Age 40 to 49 years,% Age 50 to 59 years,% Age 60 to 69 years,% Age 70 to 79,% Age 80 to 85+,fips
Alabama,Autauga,38.31226057,12.74977069,13.63644539,13.91701588,10.47822881,7.284041654,3.62223701,1001
Alabama,Baldwin,34.5144068,11.56442928,12.53910156,13.75365789,13.72888975,9.602700645,4.296814083,1003
Alabama,Barbour,36.01141433,12.86523854,12.35480889,13.17471163,12.36284715,9.018930107,4.212049355,1005
Alabama,Bibb,36.07589286,13.89732143,13.5625,13.90625,11.36160714,7.691964286,3.504464286,1007
Alabama,Blount,37.01071923,11.90179806,12.92185339,13.5615491,12.04183956,8.525242047,4.036998617,1009
Alabama,Bullock,36.72321957,14.26316828,12.56658118,13.37541921,12.02406786,6.934306569,4.113237325,1011
Alabama,Butler,36.06707317,11.875,11.77845528,12.65752033,13.63313008,8.43495935,5.553861789,1013
Alabama,Calhoun,37.83876021,12.13280013,12.01204092,13.41039754,12.8118519,7.857224113,3.936925191,1015
Alabama,Chambers,35.87981556,11.10813625,12.13148892,14.16331995,13.36308196,8.84129109,4.51286628,1017
Alabama,Cherokee,32.21803934,9.618930547,12.3079287,14.87784266,15.15826675,10.89044253,4.928549478,1019
Alabama,Chilton,38.58401468,11.85196929,12.80773673,13.43510067,12.13734061,7.551015786,3.632822232,1021
Alabama,Choctaw,32.82454637,10.03815902,11.51000701,15.16237053,14.20450121,10.67673857,5.583677284,1023
Alabama,Clarke,36.20401338,10.68979933,12.00250836,14.29347826,12.52508361,9.280936455,5.004180602,1025
Alabama,Clay,34.10169492,10.96045198,12.08286252,14.99811676,13.55178908,9.145009416,5.16007533,1027
Alabama,Cleburne,36.1713485,11.10962834,12.87782745,14.0988857,12.35070394,9.061186362,4.330419697,1029
Alabama,Coffee,38.03771986,12.68758789,13.28478684,12.83399796,11.47777842,7.634514246,4.043614787,1031
Alabama,Colbert,35.38402542,11.73076221,12.17267448,13.71023703,13.31215076,8.851028085,4.839122019,1033
Alabama,Conecuh,34.2999104,10.26309359,10.87399202,14.2868779,14.05880916,10.65406858,5.563248351,1035
Alabama,Coosa,29.08072795,9.594027065,12.86980868,16.33224452,16.29491367,10.61129258,5.216985534,1037
Alabama,Covington,35.20791651,11.06905316,11.29616612,13.899854,13.61866652,9.484669875,5.423673823,1039
Alabama,Crenshaw,36.85619213,11.26302083,11.9212963,13.83825231,13.22337963,8.543113426,4.35474537,1041
Alabama,Cullman,37.05687783,11.89568802,12.38584885,13.46324393,12.52606601,8.653915294,4.018360058,1043
Alabama,Dale,39.45788055,12.89321023,11.61859629,12.70937168,11.74524062,7.664024839,3.911675791,1045
Alabama,Dallas,38.8018794,11.21900287,10.8431219,13.7274863,13.34377447,7.98486035,4.079874706,1047
Alabama,DeKalb,38.57673181,11.51362331,13.08958465,13.16382994,12.04034461,7.878405828,3.737479863,1049
Alabama,Elmore,38.02435063,13.44169404,13.43680926,13.67982708,11.29727551,7.031641164,3.088402311,1051
Alabama,Escambia,37.30815282,12.53401546,12.77620551,13.23337324,11.75302057,8.310656362,4.084576031,1053
Alabama,Etowah,36.20159803,11.56281402,12.98231237,13.39108887,13.1179208,8.596989298,4.147276612,1055
Alabama,Fayette,35.21572446,10.81360677,12.13412037,13.60068156,13.74064383,9.706079231,4.789143796,1057
Alabama,Franklin,39.2755795,11.65067117,13.2034563,12.88460925,11.33182412,7.617256002,4.036603641,1059
Alabama,Geneva,34.87117124,11.22216311,12.3470396,13.78353728,13.84434142,9.17382382,4.757923539,1061
Alabama,Greene,36.28082109,10.51864448,9.692700109,13.33657233,15.63221183,9.109680554,5.42936961,1063
Alabama,Hale,38.28602472,11.02132283,10.8719272,13.73081624,13.14681516,8.15564308,4.787450767,1065
Alabama,Henry,33.13963624,11.12208728,12.53413911,13.05712127,14.92242431,10.07612296,5.148468824,1067
Alabama,Houston,37.41811654,12.70220202,12.39090163,13.29138099,12.06718741,7.981130994,4.149080422,1069
Alabama,Jackson,34.50981908,10.89376836,13.00061852,13.92647286,13.93227153,9.389979898,4.347069739,1071
Alabama,Jefferson,39.21492492,13.58865463,12.167602,12.70574852,11.92507205,6.522675565,3.875322312,1073
Alabama,Lamar,33.99306559,10.62554175,12.73475874,13.74602716,13.37041318,10.0982375,5.431956082,1075
Alabama,Lauderdale,37.32559776,11.05566801,11.42260275,13.18259062,13.14037689,9.103012329,4.770151645,1077
Alabama,Lawrence,35.50383833,11.06290014,12.57699427,15.21376339,12.92896805,8.890372303,3.823163516,1079
Alabama,Lee,47.06571266,12.7655681,11.81217633,11.43826133,9.213680531,5.318376733,2.386224312,1081
Alabama,Limestone,36.5233847,13.52132593,13.92996028,14.7056377,11.16829912,6.935346351,3.216045917,1083
Alabama,Lowndes,37.35712853,10.96851815,10.8582314,14.62803289,13.14417485,8.682574694,4.361339483,1085
Alabama,Macon,41.42307067,9.062313574,9.65887521,12.77184229,13.78057378,8.758609469,4.544715006,1087
Alabama,Madison,38.45885206,13.19495033,12.12679288,14.86280384,11.1538556,6.58929005,3.613455237,1089
Alabama,Marengo,37.11318578,10.88324767,11.85356131,13.48473723,12.98122312,8.617434176,5.066610721,1091
Alabama,Marion,34.23714007,10.99687531,12.45842153,14.36347142,12.88176595,9.767160568,5.295165138,1093
Alabama,Marshall,39.42086589,11.8771395,12.22570207,13.12884329,11.60245138,7.933700278,3.811297589,1095
Alabama,Mobile,39.72283248,12.82008522,11.74650822,13.01899424,11.89442112,7.174500975,3.622657744,1097
Alabama,Monroe,35.92348222,10.16281388,11.8953814,14.33046945,13.71339061,8.985617316,4.988845113,1099
Alabama,Montgomery,40.90439975,13.42248287,11.95280006,12.42719135,11.34729783,6.352236638,3.59359151,1101
Alabama,Morgan,37.09662521,12.00698637,12.5998203,14.23809084,12.19760011,7.873103309,3.98777385,1103
Alabama,Perry,41.89277899,9.814004376,10.50328228,11.44420131,12.37417943,8.796498906,5.175054705,1105
Alabama,Pickens,34.95837095,12.65924366,11.89186478,14.66044739,12.87992778,8.380981041,4.56916441,1107
Alabama,Pike,49.0971264,10.00659908,9.832623433,10.56152139,10.0485932,6.836042954,3.617493551,1109
Alabama,Randolph,35.85918592,10.19581958,11.7579758,14.4290429,13.75577558,9.280528053,4.721672167,1111
Alabama,Russell,40.69849951,13.5027085,12.17009051,13.2050328,10.95861962,6.327339437,3.137709628,1113
Alabama,Shelby,37.63994678,13.05706352,14.21047996,13.58648537,11.49661346,6.767049748,3.242361166,1117
Alabama,St. Clair,36.43590033,13.13789604,13.35889052,13.9406923,12.07576953,7.680685534,3.370165746,1115
Alabama,Sumter,45.11070838,8.226302104,9.424001261,12.13458356,13.15893153,6.93404775,5.01142542,1119
Alabama,Talladega,36.41829934,12.0233502,12.68978303,13.78463697,13.05932755,8.226436839,3.798166057,1121
Alabama,Tallapoosa,34.59268588,10.17112379,11.46257747,14.30476332,14.93443959,9.97357829,4.560831667,1123
Alabama,Tuscaloosa,45.66346435,12.76620188,11.43788503,11.13488519,10.47096611,5.574622686,2.951974764,1125
Alabama,Walker,36.38461176,11.02478379,12.49077867,13.79196685,13.17197972,8.965484767,4.170394437,1127
Alabama,Washington,36.34143363,10.69117108,12.2786665,14.39736232,13.31053853,8.657955794,4.322872146,1129
Alabama,Wilcox,38.96678272,10.5674226,11.18848217,12.59998118,13.41865061,8.346664157,4.912016562,1131
Alabama,Winston,33.27979713,10.51986475,12.48098056,14.98309383,13.60946746,10.21555368,4.911242604,1133
Arizona,Apache,43.62137626,11.63496616,10.57534323,12.70015873,11.24648417,6.804700771,3.416970676,4001
Arizona,Cochise,36.97325866,11.90818017,9.996844679,12.00757277,13.55762404,10.40151455,5.155005127,4003
Arizona,Coconino,48.66087054,12.09486609,10.18312403,10.87613928,10.38612849,5.439119661,2.359751915,4005
Arizona,Gila,31.59271837,9.46018668,8.669672846,12.95069495,17.23171705,13.66698213,6.428027983,4007
Arizona,Graham,45.29575541,13.61105274,11.70939273,10.24637529,9.529312881,6.135742803,3.472368145,4009
Arizona,Greenlee,43.70979648,14.64726352,11.69461141,11.14626173,9.9546557,5.272593061,3.574818096,4011
Arizona,La Paz,27.51445635,8.536354157,7.626315291,10.63133946,14.38524979,20.02085506,11.2854299,4012
Arizona,Maricopa,40.73705956,13.7470459,12.70526777,12.16559536,10.24971751,6.82652493,3.568788961,4013
Arizona,Mohave,28.58458602,9.526604629,9.401574803,13.50226676,17.48651873,14.66857552,6.829873539,4015
Arizona,Navajo,41.42786002,11.2399837,10.42057133,12.1698583,12.69862828,8.316356558,3.726741817,4017
Arizona,Pima,39.64658883,11.74874143,10.94369693,11.61362099,12.30731623,8.908517496,4.831518094,4019
Arizona,Pinal,36.96733447,13.386024,12.06763907,11.07264424,12.43016697,10.11678721,3.959404032,4021
Arizona,Santa Cruz,42.12981875,10.69209434,11.02534884,11.88321042,11.77570897,8.402313431,4.091505235,4023
Arizona,Yavapai,27.46160444,8.865353696,9.176138935,13.43531917,19.55662455,14.71984068,6.785118517,4025
Arizona,Yuma,43.86502489,12.41938829,10.06043521,10.10333384,9.358971941,8.848902549,5.34394328,4027
Arkansas,Arkansas,36.72125612,10.87286848,12.05470201,13.60796893,13.43913557,8.340368057,4.963700827,5001
Arkansas,Ashley,36.58086401,10.490871,12.2867405,13.79327547,12.78559314,9.543050983,4.519604909,5003
Arkansas,Baxter,28.39568466,9.39715034,9.721521421,13.51546169,16.33869146,14.60390687,8.027583556,5005
Arkansas,Benton,41.56517784,15.23616328,13.15405271,11.6009068,9.298333138,6.014497007,3.130869233,5007
Arkansas,Boone,36.52347919,11.24066169,11.68089648,13.4791889,12.49733191,9.503735326,5.07470651,5009
Arkansas,Bradley,37.20289988,11.91153528,12.04001101,13.11370102,12.45296871,8.36009911,4.918784987,5011
Arkansas,Calhoun,32.91642979,10.68789085,11.91965132,15.40648096,14.64847451,9.1529278,5.268144779,5013
Arkansas,Carroll,34.43999575,10.41703575,11.01938136,13.20199837,15.49445488,10.67569004,4.751443858,5015
Arkansas,Chicot,36.44376317,10.79708756,11.17072236,13.56581721,13.97777352,8.421153478,5.623682698,5017
Arkansas,Clark,46.54820724,9.741172204,10.15819772,11.13276823,10.7202756,7.470196274,4.229182721,5019
Arkansas,Clay,35.58294605,10.80352933,11.51747828,14.03650569,12.55472486,10.02222671,5.482589075,5021
Arkansas,Cleburne,30.09012618,10.17824955,10.73502904,14.47226117,14.88483877,12.68576006,6.953735229,5023
Arkansas,Cleveland,34.63457221,11.01272138,12.27238713,14.28036917,13.41980544,9.45372911,4.926415565,5025
Arkansas,Columbia,44.17725284,10.48986702,10.02676637,11.87492034,11.18664231,7.392615881,4.851935251,5027
Arkansas,Conway,35.79053181,11.50256091,11.64616342,14.27887607,12.94337274,8.735819252,5.102675793,5029
Arkansas,Craighead,43.68632436,13.95106763,11.95397852,11.30547726,9.748705761,6.005084839,3.349361632,5031
Arkansas,Crawford,38.79128158,12.19600669,12.60448538,13.36939722,11.71024824,7.620729899,3.707850992,5033
Arkansas,Crittenden,42.98953291,12.34123536,11.7165198,12.92457904,10.63257623,6.290596169,3.10496049,5035
Arkansas,Cross,37.46701847,11.41760614,12.40705205,13.46845766,12.05924682,8.821060206,4.359558647,5037
Arkansas,Dallas,34.08521303,10.76301866,10.4845447,13.49206349,14.9122807,10.21999443,6.04288499,5039
Arkansas,Desha,38.7248089,11.25781793,10.49339819,13.09937457,13.63794302,8.330437804,4.456219597,5041
Arkansas,Drew,42.15953732,10.99410738,10.814055,12.43998254,11.35421213,7.480357922,4.757747708,5043
Arkansas,Faulkner,45.6652725,13.3006426,11.9385286,11.48822973,9.350511995,5.589474865,2.667339711,5045
Arkansas,Franklin,36.96799551,11.41493543,11.9427288,13.67209433,12.5491297,8.411005053,5.042111173,5047
Arkansas,Fulton,31.86893797,9.422120792,10.7425218,13.87236124,15.6981009,11.98141658,6.414540712,5049
Arkansas,Garland,33.30980092,11.0373762,11.21992053,13.24908728,14.58539242,10.8084394,5.789983258,5051
Arkansas,Grant,36.17220145,12.2223444,12.96459204,14.24015835,11.8979547,8.456124918,4.046624148,5053
Arkansas,Greene,39.71759515,12.73248759,13.13403199,12.84280199,10.70932157,7.247655819,3.616105902,5055
Arkansas,Hempstead,39.76817994,10.81367002,11.24143324,13.45844257,12.08316085,8.095303804,4.539809576,5057
Arkansas,Hot Spring,35.48262663,12.15394202,12.81861072,13.76813744,13.03522151,8.551675024,4.189786653,5059
Arkansas,Howard,39.71966119,11.75324189,11.16108238,13.29735402,11.38595308,8.012892587,4.669814856,5061
Arkansas,Independence,38.90599289,12.01762302,12.21933224,12.80588142,11.86103296,7.710069537,4.480067944,5063
Arkansas,Izard,30.13315677,10.5863312,11.57948944,14.45596998,14.67667182,11.6751269,6.893253881,5065
Arkansas,Jackson,35.64332877,13.47926953,12.64648147,13.4911665,12.34310868,8.321932068,4.074712986,5067
Arkansas,Jefferson,39.19311742,12.07387615,11.35743019,13.1984614,12.67287195,7.510937546,3.993305341,5069
Arkansas,Johnson,40.38964924,12.40370952,11.39780121,13.1889911,11.28187869,7.512527111,3.825443123,5071
Arkansas,Lafayette,32.02633942,9.218796767,11.10445974,15.30978749,14.68123316,11.50853038,6.150853038,5073
Arkansas,Lawrence,37.79968358,10.87379822,11.43361324,13.53291956,11.98125837,9.042229524,5.336497505,5075
Arkansas,Lee,34.29048414,13.5114079,13.27768503,13.02170284,11.99777407,8.78130217,5.119643851,5077
Arkansas,Lincoln,35.71695435,16.16976762,13.8533961,13.59934245,9.930508855,6.702533064,4.027497572,5079
Arkansas,Little River,35.48596463,10.94434529,12.19373682,13.47558007,13.46746714,9.938341717,4.494564336,5081
Arkansas,Logan,35.38206744,10.80185858,12.31540691,14.90086028,12.96867093,9.016883655,4.614252197,5083
Arkansas,Lonoke,40.86101796,14.21996552,13.23024288,12.73062981,10.0682895,6.060523779,2.829330546,5085
Arkansas,Madison,37.01231721,11.2493174,11.7650628,13.9311935,13.4093805,8.488562587,4.144166009,5087
Arkansas,Marion,28.63891879,8.934337998,9.639995216,14.73507954,18.94510226,13.49718933,5.609376869,5089
Arkansas,Miller,38.73187741,12.7064599,12.30959809,13.1308497,11.58469444,7.590842356,3.945678106,5091
Arkansas,Mississippi,41.98452921,12.23356531,11.46730037,13.20837072,11.31453236,6.324110672,3.467591358,5093
Arkansas,Monroe,34.10144928,9.565217391,10.1884058,14.92753623,15.42028986,9.608695652,6.188405797,5095
Arkansas,Montgomery,29.94173017,8.191393994,10.51098162,16.30434783,15.72164948,12.66248319,6.667413716,5097
Arkansas,Nevada,35.5632957,10.55729042,11.6982945,14.14845064,13.66802786,9.079990392,5.284650492,5099
Arkansas,Newton,30.82639334,9.98078155,10.19859065,14.10634209,16.79692505,12.59449071,5.496476618,5101
Arkansas,Ouachita,35.35965433,11.08192832,11.16241633,13.94560705,14.94535288,8.358044565,5.146996526,5103
Arkansas,Perry,34.91112828,11.02202473,12.55795981,14.31607419,13.41769706,8.945131376,4.829984544,5105
Arkansas,Phillips,40.32946919,10.11148705,10.14476676,13.18431416,13.63913695,8.153530423,4.437295468,5107
Arkansas,Pike,34.66691652,10.69989694,13.23901434,13.92298323,13.69811674,8.891595615,4.881476623,5109
Arkansas,Poinsett,39.00892634,11.33311087,12.12146492,13.48127138,11.67514808,8.480020022,3.900058397,5111
Arkansas,Polk,35.46311537,9.915706519,11.29233378,13.2275924,14.17527059,10.75365355,5.172327797,5113
Arkansas,Pope,42.7953125,12.01875,11.1828125,12.528125,10.5375,7.15625,3.78125,5115
Arkansas,Prairie,32.20213029,10.35422343,11.19643299,14.7634382,14.04508298,10.81248452,6.62620758,5117
Arkansas,Pulaski,39.52149333,13.88000407,12.13201589,12.55169604,11.77574615,6.567179383,3.571865132,5119
Arkansas,Randolph,37.5863606,11.73946958,11.33273902,13.07109427,12.27434812,8.613773122,5.382215289,5121
Arkansas,Saline,36.80253004,13.46225118,13.0117525,12.86103722,11.62484249,8.41452467,3.823061909,5125
Arkansas,Scott,36.37949414,10.52427561,11.13479988,14.75918209,12.59811997,9.96220564,4.641922667,5127
Arkansas,Searcy,31.70394572,9.876853481,11.07062076,14.41316914,15.33048505,11.3596381,6.245287761,5129
Arkansas,Sebastian,39.92000188,12.65254045,12.09756327,13.09558288,11.40716852,7.029189138,3.797953864,5131
Arkansas,Sevier,44.29079876,11.6109458,12.23525293,11.838497,10.11144174,6.336425696,3.576638077,5133
Arkansas,Sharp,32.40239549,9.23068064,11.10215363,13.39974663,15.20211908,12.09259473,6.570309801,5135
Arkansas,St. Francis,36.64452219,15.05562326,12.98793192,12.62628248,12.02484374,7.115059554,3.545736861,5123
Arkansas,Stone,30.44071606,9.231757245,10.12282251,14.33732038,16.12747853,13.13317813,6.606727141,5137
Arkansas,Union,37.88529367,11.93324132,11.82589582,13.4130757,12.87634821,7.759546082,4.306599192,5139
Arkansas,Van Buren,30.72938626,9.913870987,11.09438053,14.00951635,15.51526833,12.02192375,6.715653798,5141
Arkansas,Washington,47.0343221,14.16013606,11.72977832,10.62157908,8.657542802,5.146838509,2.649803132,5143
Arkansas,White,40.94402175,11.90442923,11.95523772,12.99300113,10.83872115,7.508224624,3.856364398,5145
Arkansas,Woodruff,34.54545455,9.845916795,11.84899846,13.8366718,14.42218798,10,5.500770416,5147
Arkansas,Yell,38.53262131,11.19108428,12.47271883,13.74506617,11.7622475,7.731599721,4.564662178,5149
California,Alameda,37.08287911,16.54534295,13.93121836,12.8628537,10.43807931,5.766181312,3.373445256,6001
California,Alpine,30.33605813,8.174386921,9.990917348,16.71207993,19.80018165,10.35422343,4.632152589,6003
California,Amador,26.20927811,11.41609324,12.07119823,14.82111571,17.35012569,12.36066323,5.771525785,6005
California,Butte,41.52324696,11.67321064,10.22935621,11.47991836,12.7079946,7.849309856,4.536963365,6007
California,Calaveras,27.75536161,9.94254638,9.854830928,15.03442831,18.92460857,12.78452699,5.703697206,6009
California,Colusa,43.29310584,12.98377029,11.453276,11.88791788,10.50076294,6.413279697,3.467887363,6011
California,Contra Costa,37.02464322,13.29221059,13.67013993,13.9995566,11.38221985,6.835852428,3.795377386,6013
California,Del Norte,35.55771166,14.60399598,11.63216904,12.86833405,13.60859566,7.794307891,3.934885727,6015
California,El Dorado,31.97851876,10.85442474,11.90698455,15.5791439,15.9410105,9.272176129,4.467741428,6017
California,Fresno,46.29273934,13.99215607,11.50281577,11.02323009,8.998793242,5.189058729,3.001206758,6019
California,Glenn,42.25763896,12.39348237,10.88173423,12.36852426,11.29889115,6.931222591,3.868506436,6021
California,Humboldt,39.04585218,13.03410499,11.57853827,11.62766823,13.48140761,7.485352672,3.747076034,6023
California,Imperial,46.39849967,13.58324121,11.18095772,10.88562205,9.015712738,5.50083321,3.435133396,6025
California,Inyo,32.03424696,12.08094735,10.45199311,13.64874632,15.69466837,9.634736198,6.4546617,6027
California,Kern,47.19179182,14.18043097,11.67386291,11.09801464,8.661699176,4.827803079,2.366397402,6029
California,Kings,46.91212029,15.48101952,12.32773542,10.72367639,7.664865293,4.382754383,2.507828707,6031
California,Lake,33.2391041,11.17859029,10.60700196,13.86722997,16.05417663,10.35693206,4.69696499,6033
California,Lassen,36.69891565,16.4502305,13.62249205,12.11609636,11.2622557,6.483345237,3.366664502,6035
California,Los Angeles,39.6265189,14.86162313,13.35979017,12.9236621,10.03733802,5.665518581,3.525549111,6037
California,Los Angeles,39.6265189,14.86162313,13.35979017,12.9236621,10.03733802,5.665518581,3.525549111,6037
California,Madera,44.2526257,13.26678167,11.85435588,11.27276879,10.14003755,6.178649348,3.034781064,6039
California,Marin,30.68480279,10.04097571,13.93520908,15.56653547,14.41351582,9.902721188,5.456239939,6041
California,Mariposa,28.06364833,10.11390304,9.461393166,14.84746151,18.44198958,12.65525728,6.416347089,6043
California,Mendocino,34.26249344,11.82453257,11.65102847,12.5345296,15.44871356,9.818962172,4.4597402,6045
California,Merced,48.30236748,13.39690281,11.52730515,10.84381198,8.387531163,4.867432169,2.674649246,6047
California,Modoc,30.59131822,10.23128632,10.34522046,13.23914777,17.3179902,12.47578899,5.799248035,6049
California,Mono,34.59649123,14.28070175,12.75789474,14.72982456,14.13333333,6.673684211,2.828070175,6051
California,Monterey,43.26643618,13.95909953,12.23937887,11.53941514,9.940908277,5.620830406,3.433931597,6053
California,Napa,35.34576128,12.49919307,12.79184031,13.61455203,12.63260578,8.196274486,4.919773055,6055
California,Nevada,27.67412935,10.83694431,10.78077355,13.95943669,18.70887498,12.17701814,5.862822982,6057
California,Orange,38.74530441,13.41764889,13.37835157,13.80415623,10.54542921,6.321469644,3.787640052,6059
California,Placer,34.95494075,12.26710484,13.17388573,13.56966443,12.41615774,8.770211803,4.848034715,6061
California,Plumas,27.65900872,10.14145926,9.205488194,14.37460115,20.123378,13.11423101,5.381833652,6063
California,Riverside,42.07820601,13.42148021,12.46100186,12.2278087,9.855930288,6.403284208,3.55228872,6065
California,Sacramento,40.18579146,14.81224549,12.48313568,12.60636934,10.55630364,5.948441733,3.407712649,6067
California,San Benito,41.8187432,13.75270163,12.73867754,13.179063,10.1093651,5.442254254,2.959195281,6069
California,San Bernardino,44.80109854,13.92703915,12.34111391,12.0763786,9.35401176,4.976416039,2.523941991,6071
California,San Diego,40.42524236,15.09569404,12.49409278,12.32459284,10.20600808,5.911889941,3.542479969,6073
California,San Francisco,32.16374865,20.76089233,13.67828779,12.15831451,10.60720816,6.181330345,4.450218215,6075
California,San Joaquin,44.01682034,13.57850822,12.41450323,11.97273669,9.530066697,5.508861903,2.97850291,6077
California,San Luis Obispo,38.67187775,11.52776311,10.47216647,12.1481638,13.81958382,8.614485405,4.745959649,6079
California,San Mateo,35.13907569,15.14986128,13.88872646,13.5875095,11.25080405,6.706430423,4.277592603,6081
California,Santa Barbara,45.22705234,12.0342107,10.69297041,11.23649858,10.19803954,6.351911531,4.259316906,6083
California,Santa Clara,38.54374294,15.59608169,13.94339301,13.0460835,9.633561626,5.673085359,3.564051879,6085
California,Santa Cruz,40.68622268,11.55493975,11.77444349,12.79320341,12.8701391,6.928223733,3.392827843,6087
California,Shasta,35.57709398,12.3789158,10.54765608,13.2831593,14.06854032,9.340702066,4.803932459,6089
California,Sierra,25.27619685,8.771342484,9.943086709,14.99832608,20.99096083,13.82658185,6.193505189,6091
California,Siskiyou,32.02131552,10.64175281,9.996798097,12.86021407,17.66764248,11.53371146,5.278565548,6093
California,Solano,38.35046237,13.90967511,12.02122657,13.43588366,11.99010322,6.79407089,3.498578178,6095
California,Sonoma,34.2103684,12.95110233,12.14360866,13.73859368,13.97882154,8.544391149,4.433114241,6097
California,Stanislaus,43.89221829,13.67823723,12.06005656,11.91237052,9.638151014,5.653719888,3.165246492,6099
California,Sutter,41.9008956,13.05794002,11.60246676,12.2439493,10.34222732,6.727819269,4.124701726,6101
California,Tehama,37.95293823,11.47130609,10.89867952,13.64603542,12.69635146,8.791225984,4.543463296,6103
California,Trinity,26.94056641,10.00398883,10.42680495,15.04587156,20.15955325,12.12604707,5.29716793,6105
California,Tulare,48.18304172,13.50338406,11.55924192,10.64952851,8.452521246,4.962853727,2.689428821,6107
California,Tuolumne,29.62833935,11.64121088,10.50807679,13.26757,17.23903995,11.74572324,5.970039788,6109
California,Ventura,39.18166039,12.82587926,12.57534076,13.62097473,11.24508941,6.663595651,3.887459796,6111
California,Yolo,48.58671192,12.47912961,10.85260063,10.63119306,9.050488186,5.297448368,3.102428224,6113
California,Yuba,45.07630604,14.6423034,10.8378929,11.23896413,10.03575044,5.553491114,2.615291962,6115
Colorado,Adams,43.22188533,16.25536271,13.34406527,11.73407988,8.788203209,4.450561473,2.205842131,8001
Colorado,Alamosa,49.00197806,12.21003417,9.476712821,10.52568483,9.842354493,5.886231493,3.057004136,8003
Colorado,Arapahoe,39.58078361,15.41994579,13.60917669,12.50892562,10.56440653,5.565903734,2.750858012,8005
Colorado,Archuleta,28.12931348,10.57028696,10.67925899,14.94369778,19.96367599,11.7907737,3.922993098,8007
Colorado,Baca,34.58856346,10.48814505,9.511854951,12.77545328,14.50488145,9.874476987,8.256624826,8009
Colorado,Bent,33.11798708,15.07990479,14.85889153,12.63175791,11.88371302,7.820469228,4.607276437,8011
Colorado,Boulder,41.52135379,12.70002883,12.79939156,12.6153865,11.24546888,6.006538313,3.111832138,8013
Colorado,Broomfield,38.51473285,14.61879394,15.02013946,12.45614795,10.17367578,6.041838105,3.174671922,8014
Colorado,Chaffee,27.58276327,12.52808708,11.83901733,13.7464423,17.89584062,11.17990713,5.227942278,8015
Colorado,Cheyenne,36.94029851,11.94029851,9.648187633,13.85927505,14.65884861,7.356076759,5.597014925,8017
Colorado,Clear Creek,25.94482041,12.55596044,14.20093701,17.02238417,18.06350859,9.318063509,2.894325872,8019
Colorado,Conejos,40.06097561,11.17073171,10.24390244,12.25609756,13.2804878,8.536585366,4.451219512,8021
Colorado,Costilla,30.32915361,9.587251829,8.803552769,13.84535005,18.49529781,12.90491118,6.034482759,8023
Colorado,Crowley,32.58791396,18.7435985,17.19016729,12.7005804,9.474223284,6.094230113,3.209286446,8025
Colorado,Custer,22.62817925,7.731126363,8.942268874,15.68429552,26.52402099,14.08962455,4.400484457,8027
Colorado,Delta,31.38952606,10.27687139,10.34148548,13.28142668,17.20673279,11.51746196,5.986495655,8029
Colorado,Denver,39.41984,20.43679483,13.30887156,10.31330427,8.914405185,4.86397615,2.742808015,8031
Colorado,Dolores,29.79749277,9.691417551,11.62005786,14.41658631,17.26133076,11.8611379,5.351976856,8033
Colorado,Douglas,38.67657012,13.26522277,16.07930544,14.47825985,9.966275352,5.343431279,2.190935188,8035
Colorado,Eagle,37.06289891,16.05113378,15.47651519,13.66173877,11.09959449,5.167930464,1.480188388,8037
Colorado,El Paso,43.5219428,14.47014524,11.72883607,12.04136408,9.973019769,5.537811547,2.726880491,8041
Colorado,Elbert,33.04162545,10.19709307,13.10783045,18.30149912,15.73700632,7.252111711,2.362833879,8039
Colorado,Fremont,30.2076175,14.24585077,12.62572624,13.9022511,14.50615356,9.58955457,4.922846255,8043
Colorado,Garfield,39.94311528,14.48050862,13.15375606,12.92287101,11.67809938,5.36222185,2.459427807,8045
Colorado,Gilpin,25.1429505,11.90981866,16.4188858,19.39225617,18.49371018,6.861623918,1.780754779,8047
Colorado,Grand,30.86634461,13.66827697,12.41223833,15.31723027,17.56521739,7.813204509,2.357487923,8049
Colorado,Gunnison,42.82732228,13.88727821,12.53044184,11.4287371,11.57369825,5.73466311,2.017859214,8051
Colorado,Hinsdale,27.1270037,8.754623921,9.494451295,14.0567201,19.11220715,16.15289766,5.302096178,8053
Colorado,Huerfano,25.75119756,8.883727682,9.420815793,14.39976775,20.33676876,14.03687037,7.170852083,8055
Colorado,Jackson,28.52037169,11.07934239,12.72337384,15.43959971,17.9413867,9.435310936,4.860614725,8057
Colorado,Jefferson,34.7755126,14.91590447,12.90033487,14.0186787,12.71764963,7.058199034,3.613720695,8059
Colorado,Kiowa,35.50253073,9.544468547,9.689081706,14.24439624,14.82284888,8.676789588,7.519884309,8061
Colorado,Kit Carson,38.47549909,12.00614268,10.12145749,12.77397738,12.56456792,8.390339243,5.668016194,8063
Colorado,La Plata,34.76469544,14.17510211,12.38678743,13.52690464,14.68122891,7.313088261,3.152193216,8067
Colorado,Lake,38.16462168,15.5291411,13.08793456,12.67893661,12.69171779,5.393660532,2.45398773,8065
Colorado,Larimer,41.77959477,13.23641011,11.51752549,11.45818474,11.88212874,6.74516002,3.380996126,8069
Colorado,Las Animas,33.13797145,10.90808798,10.28752672,13.20416466,16.00358547,10.99772461,5.460939116,8071
Colorado,Lincoln,36.36363636,14.50980392,12.01426025,13.51158645,10.76648841,7.771836007,5.062388592,8073
Colorado,Logan,37.46283909,13.8563731,11.77536232,12.54180602,12.06800446,7.227796358,5.067818655,8075
Colorado,Mesa,37.32858159,13.06206635,11.032133,12.43285228,13.34534323,8.157590711,4.641432833,8077
Colorado,Mineral,22.68041237,10.95360825,10.05154639,15.46391753,21.77835052,13.78865979,5.283505155,8079
Colorado,Moffat,39.54352442,13.20897786,11.43463755,13.26963907,12.7540188,6.634819533,3.154382772,8081
Colorado,Montezuma,34.24191452,11.4305375,10.70035935,13.22348803,16.07921095,9.519076382,4.805413258,8083
Colorado,Montrose,33.38939688,11.31851992,10.82342351,13.27047899,15.12294499,10.34017151,5.735064197,8085
Colorado,Morgan,41.74662091,13.29224736,11.18075495,12.11219273,10.8551019,6.31346733,4.499614819,8087
Colorado,Otero,38.85091146,11.31727431,10.74761285,12.13650174,12.96115451,8.512369792,5.474175347,8089
Colorado,Ouray,23.77405338,9.621353197,12.22842955,15.53900269,22.49120629,12.62156011,3.724394786,8091
Colorado,Park,24.67126536,11.0314723,12.62664367,19.51390386,21.09290795,8.945893512,2.117913343,8093
Colorado,Phillips,36.95753616,11.03593094,9.566028931,12.36584228,13.22911806,8.189454036,8.656089594,8095
Colorado,Pitkin,28.88579387,14.4178273,14.10027855,15.11420613,15.35376045,9.086350975,3.04178273,8097
Colorado,Prowers,41.57349556,11.52581388,10.62150608,12.03551463,12.38079579,7.456428806,4.406445248,8099
Colorado,Pueblo,38.05430702,12.62527682,11.50606761,12.55185669,12.82703293,7.845805801,4.589653135,8101
Colorado,Rio Blanco,38.92045455,13.82575758,10.66919192,13.36805556,12.70517677,6.628787879,3.882575758,8103
Colorado,Rio Grande,36.71111111,12.26666667,10.56888889,12.64,14.34666667,8.871111111,4.595555556,8105
Colorado,Routt,33.5017293,14.84863794,14.23464035,14.07531186,14.30070338,6.699568647,2.339408542,8107
Colorado,Saguache,31.74046471,9.776413854,10.50708753,14.89112962,19.62589508,10.31711238,3.141896829,8109
Colorado,San Juan,24.40944882,12.72965879,13.91076115,14.82939633,18.24146982,11.94225722,3.937007874,8111
Colorado,San Miguel,31.37590038,15.23623489,15.83445245,15.21181785,14.49151508,6.31180564,1.538273715,8113
Colorado,Sedgwick,31.17672601,11.11593574,9.986973513,11.98436822,16.76074685,10.6817195,8.293530178,8115
Colorado,Summit,34.0245751,17.33479537,14.61605444,13.40987519,12.86806205,6.31792821,1.428709646,8117
Colorado,Teller,27.68807559,10.08651278,11.46991987,17.95239804,20.31654906,9.739664314,2.746880357,8119
Colorado,Washington,35.95436953,11.9372581,10.59278876,13.11876146,14.44286005,8.046445305,5.907516806,8121
Colorado,Weld,42.87968693,14.98512591,12.73762746,11.76595982,9.910755476,5.218497956,2.502346447,8123
Colorado,Yuma,40.27944112,12.25548902,11.02794411,11.76646707,11.51696607,8.133732535,5.01996008,8125
Connecticut,Fairfield,37.18462042,11.99695282,13.28140976,15.16947563,11.30264891,6.641393566,4.423498898,9001
Connecticut,Hartford,36.63594702,13.11139166,12.27079289,14.28446606,11.78305741,7.188441319,4.725903638,9003
Connecticut,Litchfield,30.90149135,10.50405552,11.84743058,16.93933555,15.38945729,9.293195885,5.125033819,9005
Connecticut,Middlesex,32.11295657,11.40630186,12.00993349,16.38472603,14.14292915,8.69364773,5.24950517,9007
Connecticut,New Haven,36.97779903,12.6992141,12.02572235,14.29141111,12.01044752,7.332384972,4.663020918,9009
Connecticut,New London,36.17983087,12.15365239,11.45308564,14.86858282,12.88832914,7.910144536,4.546374595,9011
Connecticut,Tolland,41.78146182,10.79372652,10.87588871,14.14514879,11.68359605,6.988424407,3.731753699,9013
Connecticut,Windham,35.94384202,12.70048792,12.34159638,15.24178181,12.72612303,7.070163296,3.976005537,9015
Delaware,Kent,39.97871745,12.54382526,11.30551666,13.01484178,11.39344721,7.965275833,3.798375805,10001
Delaware,New Castle,38.29565466,13.57933975,12.21575621,13.94048289,11.51188465,6.718156382,3.738725451,10003
Delaware,Sussex,30.01535201,9.848835079,9.829208936,13.79935975,18.15505526,12.94714898,5.405039994,10005
District of Columbia,District of Columbia,40.53384203,20.38607455,11.70879273,10.44081116,8.770668584,5.059256465,3.100554484,11001
Florida,Alachua,47.7451881,12.69021618,9.860125354,10.2716739,10.20351465,6.029501104,3.199780705,12001
Florida,Baker,39.80603068,13.79650855,13.19344031,13.24986775,10.65773232,6.27049903,3.025921354,12003
Florida,Bay,36.81316012,13.34038546,11.87401167,14.12565372,12.24910544,7.502415172,4.095268421,12005
Florida,Bradford,35.73849704,14.20020193,12.58834559,13.19774989,11.83109765,8.12058272,4.323525169,12007
Florida,Brevard,31.38431999,10.89371013,10.82669151,15.21708171,14.86473128,10.48992291,6.323542471,12009
Florida,Broward,35.78118754,13.5855806,13.42132776,14.36215574,11.34528459,7.113608643,4.39085514,12011
Florida,Calhoun,34.91465003,13.63542881,13.51888668,13.45033249,11.94899568,8.103105505,4.428600809,12013
Florida,Charlotte,21.11482286,7.28061925,8.360630926,13.68447226,20.11967697,18.85533898,10.58443875,12015
Florida,Citrus,24.64019901,7.955167682,8.865739645,13.46321546,18.55417126,17.5111033,9.01040364,12017
Florida,Clay,37.3991077,12.88227998,13.20532045,14.21146655,12.07329038,7.175848791,3.052686142,12019
Florida,Collier,28.46616009,9.573090825,10.29728816,12.58111221,14.48394665,15.19599036,9.402411701,12021
Florida,Columbia,37.2523155,12.3072777,11.50021985,12.9880998,12.90867055,8.700338993,4.3430776,12023
Florida,DeSoto,35.43706154,13.41993651,11.28597722,11.93416736,11.45669396,10.5844381,5.881725306,12027
Florida,Dixie,31.02994012,11.8742515,11.18562874,14.79041916,14.49700599,11.43712575,5.185628743,12029
Florida,Duval,40.09151941,14.78834033,11.99287294,13.02562354,10.92444492,6.093365369,3.083833501,12031
Florida,Escambia,40.31990213,12.57994384,10.73735319,12.93141151,12.07445156,7.434381081,3.922556682,12033
Florida,Flagler,27.59599168,9.080282331,10.60972454,13.55796086,17.72689552,14.50114664,6.92799843,12035
Florida,Franklin,30.35105658,12.866394,11.41785958,13.70995228,15.85719155,11.400818,4.396728016,12037
Florida,Gadsden,36.47099839,11.97760056,12.60295463,14.04758792,13.15422495,7.774436746,3.972196801,12039
Florida,Gilchrist,37.18777388,10.62116564,10.76358457,13.72699387,13.35451358,9.21340929,5.132559159,12041
Florida,Glades,28.45380356,12.67851938,12.36519965,12.40891868,13.56747304,13.76420869,6.761877004,12043
Florida,Gulf,30.33283841,12.97946053,13.26404355,14.5756001,14.42093541,9.941846078,4.485275922,12045
Florida,Hamilton,38.19706499,11.72606569,12.09643606,13.21453529,12.55066387,8.266946191,3.948287911,12047
Florida,Hardee,43.62635346,11.48467609,11.84437511,11.48834649,9.932097633,7.285740503,4.338410718,12049
Florida,Hendry,43.31745115,13.31696987,12.17874675,12.26056406,9.120223313,6.437096929,3.368947926,12051
Florida,Hernando,30.44507898,10.21350169,10.94910015,13.49749823,14.90739528,12.93427292,7.053152752,12053
Florida,Highlands,28.14539384,9.256905448,8.773144635,11.38640158,15.02693884,16.68974806,10.7214676,12055
Florida,Hillsborough,39.34217559,14.5634872,13.28252446,12.9051812,10.3378969,6.282883565,3.285851089,12057
Florida,Holmes,35.35452072,11.75232325,12.65595318,13.61605997,12.84078657,8.836063049,4.944293269,12059
Florida,Indian River,27.03143959,8.862038078,9.541778633,13.44107539,16.77561574,15.117557,9.230495575,12061
Florida,Jackson,33.86398924,13.65283097,13.32160232,13.00072456,12.44177621,8.77548908,4.94358762,12063
Florida,Jefferson,29.29031355,11.33818589,12.50699888,15.36254199,15.62150056,10.73628219,5.144176932,12065
Florida,Lafayette,38.62803481,13.12414109,15.12826386,11.70407696,10.43289052,7.043060009,3.939532753,12067
Florida,Lake,31.38641496,10.82034811,11.26832073,12.86217198,14.19627204,12.68909802,6.777374157,12069
Florida,Lee,30.03259962,10.60733359,10.67452061,12.87154954,15.00576457,13.66295172,7.145280343,12071
Florida,Leon,48.49505303,12.0737636,10.23001552,10.52813314,10.0173674,5.855344579,2.800322733,12073
Florida,Levy,31.92543537,10.21584498,10.67451558,14.48368899,15.72479765,11.79789061,5.177826833,12075
Florida,Liberty,35.50904576,15.53742462,15.46647747,13.23164243,10.59477356,6.479839186,3.180796973,12077
Florida,Madison,33.69312969,12.54789789,12.64504291,13.4653786,14.02666091,8.958929246,4.662960764,12079
Florida,Manatee,30.206025,10.39242253,10.9161591,13.57156425,15.07920629,12.61627686,7.218345975,12081
Florida,Marion,30.95308867,10.28315698,10.21009676,12.47829722,14.87261686,14.03561894,7.167124566,12083
Florida,Martin,27.22046833,9.249154818,10.38890822,14.28731232,15.55632893,13.94488913,9.352938252,12085
Florida,Miami-Dade,35.77128464,13.91489151,14.27041249,14.11818085,10.5282083,6.879428849,4.517593364,12086
Florida,Monroe,27.47544217,12.27691364,12.89935623,16.14218881,15.93293081,10.63083956,4.642328762,12087
Florida,Nassau,32.05331345,11.55746109,11.84872775,14.48643862,15.30781061,10.40288004,4.343368441,12089
Florida,Okaloosa,39.5022893,14.30363441,10.80624695,13.05598039,11.53476883,7.009731315,3.787348808,12091
Florida,Okeechobee,36.01126706,12.4274743,12.42025182,13.03175482,11.76059898,9.307364518,5.04128849,12093
Florida,Orange,41.52349083,15.425399,13.53686139,12.43621641,9.230975377,5.1382506,2.708806391,12095
Florida,Osceola,41.02747357,14.63436506,13.94711813,12.18293975,9.380417946,6.059947281,2.767738254,12097
Florida,Palm Beach,32.70392297,11.63740687,11.94421582,13.41029018,12.29873864,10.35014176,7.655283756,12099
Florida,Pasco,32.84083539,11.66169412,12.66812446,13.67955822,12.87511814,10.59355484,5.681114838,12101
Florida,Pinellas,29.08539086,11.49546797,11.54396686,15.17748749,15.02389058,10.77823804,6.895558199,12103
Florida,Polk,37.33285876,12.40831684,11.81863507,12.13487399,11.95705139,9.482647819,4.865616115,12105
Florida,Putnam,34.49698637,10.2503944,10.39601958,14.07844882,15.02366409,10.54434152,5.210145221,12107
Florida,Santa Rosa,36.59289988,13.65772879,12.96355151,14.42160257,11.82944984,7.296946178,3.237821231,12113
Florida,Sarasota,24.2096654,8.200263406,9.391448216,13.28207388,17.43212145,16.68689861,10.79752905,12115
Florida,Seminole,36.7251492,14.33591546,13.598685,13.70342345,11.19996067,6.709246054,3.727620171,12117
Florida,St. Johns,33.19502401,11.63253507,13.68161063,14.24481143,13.70717491,9.237751759,4.301092185,12109
Florida,St. Lucie,32.88968885,11.06474677,11.40760071,13.49555318,13.82906505,11.1102115,6.203133953,12111
Florida,Sumter,12.9401805,6.095344611,5.941562981,8.608664585,23.94178045,31.32795874,11.14450813,12119
Florida,Suwannee,35.16100563,11.75805028,11.16064357,13.34434613,13.66115272,9.606028377,5.30877328,12121
Florida,Taylor,35.27262637,12.58844749,11.93636406,12.89830273,13.18040975,9.513018545,4.61083106,12123
Florida,Union,36.05087015,14.27041499,13.03882195,15.16733601,11.31191432,6.941097724,3.219544846,12125
Florida,Volusia,31.99376116,10.86043343,10.94006261,14.1100709,15.00242906,10.94992494,6.143317907,12127
Florida,Wakulla,35.08209852,14.04454576,14.19241551,14.27251163,12.27626999,7.39348757,2.738671021,12129
Florida,Walton,32.04343257,12.52399299,12.13590193,14.98844133,14.76567426,9.527145359,4.015411559,12131
Florida,Washington,35.77974277,12.70498392,13.31189711,14.28456592,12.03376206,8.38022508,3.504823151,12133
Georgia,Appling,39.22840006,11.59020911,12.06030151,13.14637705,12.352083,7.807856487,3.814772789,13001
Georgia,Atkinson,42.31649994,12.14896951,13.07701579,12.73954441,10.50982283,6.580691816,2.627455707,13003
Georgia,Bacon,40.37550291,11.96244971,13.32141261,11.79257935,12.19490389,6.928922664,3.424228878,13005
Georgia,Baker,32.79430789,9.993531695,11.38421734,15.26520052,15.94437257,9.152652005,5.465717982,13007
Georgia,Baldwin,43.63831069,10.87165072,10.55261808,12.6542177,11.6770408,7.12357495,3.482587065,13009
Georgia,Banks,36.40193807,11.79692437,13.32947124,14.29323783,12.38677059,8.679165789,3.1124921,13011
Georgia,Barrow,41.17363165,14.8919056,13.51458377,12.57409447,9.742726676,5.697385192,2.405672635,13013
Georgia,Bartow,39.58912864,12.82234418,13.32888505,14.15401098,10.83189234,6.529584242,2.744154575,13015
Georgia,Ben Hill,38.82766426,12.00333591,11.72931435,12.97432537,12.71817478,7.976410318,3.770775004,13017
Georgia,Berrien,38.18824018,11.94681072,12.36754623,14.0297112,11.59360066,7.957614793,3.91647621,13019
Georgia,Bibb,42.17185408,12.37793527,11.33087299,12.39753094,11.30474542,6.685391424,3.731669878,13021
Georgia,Bleckley,41.31484655,10.79607415,11.40364543,13.56909176,10.51565664,7.633587786,4.767097679,13023
Georgia,Brantley,37.98486532,11.47801238,13.1872784,14.39911097,12.13949304,7.313330158,3.497909721,13025
Georgia,Brooks,34.94488494,11.11970605,11.72564946,15.07767679,13.70463482,9.417907561,4.009540385,13027
Georgia,Bryan,43.30210711,16.0434543,13.96520507,11.40937836,8.520297043,4.655068357,2.104489753,13029
